2	1.00050	1.00101	1.00186	1.00355	1.00557	1.00743	1.00905
4	1.00153	1.00299	1.00558	1.01079	1.01682	1.02229	1.02682
7	1.00312	1.00602	1.01130	1.02177	1.03376	1.04409	1.05178
11	1.00522	1.01011	1.01898	1.03642	1.05571	1.07089	1.08000
16	1.00789	1.01528	1.02869	1.05426	1.08094	1.09869	1.10471
22	1.01108	1.02151	1.04030	1.07420	1.10611	1.12152	1.11830
30	1.01543	1.02994	1.05544	1.09693	1.12913	1.13434	1.11475
40	1.02086	1.04045	1.07332	1.11765	1.14126	1.12877	1.09022
54	1.02854	1.05505	1.09540	1.13185	1.13505	1.09962	1.04331
70	1.03739	1.07112	1.11518	1.13082	1.11005	1.05689	0.99044
100	1.05391	1.09842	1.13542	1.10116	1.04965	0.98163	0.90981
