-7.00000	-0.0019	7.451126
-6.66667	-0.0019	7.117801
-6.33333	-0.0019	6.784453
-6.00000	-0.0019	6.451126
-5.66667	-0.0019	6.117801
-5.33333	-0.0019	5.784453
-5.00000	-0.0019	5.451126
-4.66667	-0.0019	5.117801
-4.33333	-0.0018	4.784453
-4.00000	-0.0016	4.451126
-3.66667	-0.0008	4.117801
-3.33333	0.0031	3.784532
-3.00000	0.0210	3.451479
-2.83333	0.0475	3.285242
-2.66667	0.1042	3.119487
-2.50000	0.2258	2.954763
-2.33333	0.4844	2.792266
-2.16667	1.0269	2.634457
-2.00000	2.2180	2.485991
-1.83333	4.2485	2.357096
-1.66667	7.9560	2.261120
-1.50000	12.9652	2.218168
-1.33333	18.4980	2.236915
-1.16667	22.9662	2.318835
-1.00000	25.8664	2.432119
-0.83333	27.4715	2.571010
-0.66667	28.2843	2.724030
-0.50000	28.7675	2.879600
-0.33333	28.8275	3.049683
-0.16667	28.8778	3.215373
0.00000	28.9190	3.381368
0.16667	29.0624	3.552717
0.33333	29.1555	3.710227
0.50000	29.1450	3.878970
0.66667	29.1402	4.050844
0.83333	29.1412	4.217115
1.00000	29.1417	4.382989
1.16667	29.1420	4.547959
1.33333	29.1422	4.709201
1.50000	29.1423	4.866131
1.66667	29.1425	5.015108
1.83333	29.1428	5.151615
2.00000	29.1431	5.337243
2.16667	29.1434	5.495485
2.33334	29.1437	5.653726
2.50000	29.1440	5.811967
2.66667	29.1443	5.970208
2.83334	29.1446	6.128450
3.00000	29.1449	6.286691
3.16667	29.1452	6.444932
3.33334	29.1455	6.603174
3.50001	29.1458	6.761415
3.66667	29.1461	6.919656
3.83334	29.1464	7.077897
4.00001	29.1467	7.236139
