3.85353E-03	-0.1640	-0.2960	-0.3992	-0.4772	-0.5332	-0.5941	-0.6103
4.53488E-03	-0.1640	-0.2959	-0.3992	-0.4771	-0.5332	-0.5940	-0.6103
5.33670E-03	-0.1640	-0.2960	-0.3992	-0.4772	-0.5333	-0.5941	-0.6103
6.28029E-03	-0.1640	-0.2960	-0.3992	-0.4772	-0.5332	-0.5941	-0.6103
7.39072E-03	-0.1640	-0.2959	-0.3992	-0.4771	-0.5332	-0.5940	-0.6103
8.69749E-03	-0.1640	-0.2960	-0.3992	-0.4772	-0.5333	-0.5941	-0.6103
1.02353E-02	-0.1640	-0.2960	-0.3992	-0.4772	-0.5332	-0.5941	-0.6103
1.20450E-02	-0.1640	-0.2959	-0.3992	-0.4771	-0.5332	-0.5940	-0.6103
1.41747E-02	-0.1640	-0.2960	-0.3992	-0.4772	-0.5333	-0.5941	-0.6103
1.66810E-02	-0.1640	-0.2960	-0.3992	-0.4772	-0.5332	-0.5941	-0.6103
1.96304E-02	-0.1640	-0.2959	-0.3992	-0.4771	-0.5332	-0.5940	-0.6103
2.31013E-02	-0.1640	-0.2960	-0.3992	-0.4772	-0.5333	-0.5941	-0.6103
2.71859E-02	-0.1640	-0.2960	-0.3992	-0.4772	-0.5332	-0.5941	-0.6103
3.19927E-02	-0.1640	-0.2959	-0.3992	-0.4771	-0.5332	-0.5940	-0.6103
3.76494E-02	-0.1640	-0.2960	-0.3992	-0.4772	-0.5333	-0.5941	-0.6103
4.43062E-02	-0.1640	-0.2960	-0.3992	-0.4772	-0.5332	-0.5941	-0.6103
5.21401E-02	-0.1640	-0.2959	-0.3992	-0.4771	-0.5332	-0.5940	-0.6103
6.13591E-02	-0.1640	-0.2960	-0.3992	-0.4772	-0.5333	-0.5941	-0.6103
7.22081E-02	-0.1640	-0.2960	-0.3992	-0.4772	-0.5332	-0.5941	-0.6103
8.49753E-02	-0.1640	-0.2959	-0.3992	-0.4771	-0.5332	-0.5940	-0.6103
1.00000E-01	-0.1640	-0.2960	-0.3992	-0.4772	-0.5333	-0.5941	-0.6103
1.17681E-01	-0.1640	-0.2960	-0.3992	-0.4772	-0.5332	-0.5941	-0.6103
1.38489E-01	-0.1640	-0.2959	-0.3992	-0.4771	-0.5332	-0.5940	-0.6103
1.62975E-01	-0.1640	-0.2959	-0.3992	-0.4771	-0.5332	-0.5940	-0.6102
1.91791E-01	-0.1640	-0.2959	-0.3992	-0.4771	-0.5332	-0.5940	-0.6102
2.25702E-01	-0.1640	-0.2959	-0.3992	-0.4771	-0.5332	-0.5940	-0.6102
2.65609E-01	-0.1640	-0.2959	-0.3992	-0.4771	-0.5332	-0.5939	-0.6101
3.12572E-01	-0.1640	-0.2959	-0.3992	-0.4770	-0.5332	-0.5939	-0.6100
3.67838E-01	-0.1640	-0.2959	-0.3991	-0.4770	-0.5331	-0.5938	-0.6099
4.32876E-01	-0.1640	-0.2958	-0.3990	-0.4769	-0.5330	-0.5936	-0.6097
5.09414E-01	-0.1640	-0.2958	-0.3989	-0.4767	-0.5328	-0.5934	-0.6094
5.99484E-01	-0.1640	-0.2957	-0.3988	-0.4765	-0.5325	-0.5930	-0.6091
7.05480E-01	-0.1639	-0.2956	-0.3986	-0.4763	-0.5322	-0.5926	-0.6087
8.30218E-01	-0.1639	-0.2955	-0.3984	-0.4759	-0.5317	-0.5920	-0.6080
9.77010E-01	-0.1638	-0.2953	-0.3981	-0.4755	-0.5311	-0.5912	-0.6072
1.14976E+00	-0.1637	-0.2951	-0.3976	-0.4749	-0.5303	-0.5902	-0.6062
1.35305E+00	-0.1636	-0.2948	-0.3971	-0.4741	-0.5292	-0.5887	-0.6046
1.59228E+00	-0.1635	-0.2944	-0.3962	-0.4728	-0.5276	-0.5866	-0.6024
1.87382E+00	-0.1633	-0.2937	-0.3950	-0.4710	-0.5252	-0.5836	-0.5991
2.20513E+00	-0.1631	-0.2929	-0.3933	-0.4685	-0.5220	-0.5794	-0.5946
2.59502E+00	-0.1627	-0.2916	-0.3910	-0.4650	-0.5175	-0.5738	-0.5883
3.05386E+00	-0.1622	-0.2899	-0.3878	-0.4602	-0.5114	-0.5659	-0.5797
3.59381E+00	-0.1616	-0.2876	-0.3833	-0.4536	-0.5028	-0.5548	-0.5678
4.22924E+00	-0.1606	-0.2844	-0.3773	-0.4447	-0.4913	-0.5399	-0.5519
4.97702E+00	-0.1594	-0.2803	-0.3695	-0.4330	-0.4762	-0.5200	-0.5311
5.85702E+00	-0.1578	-0.2746	-0.3587	-0.4171	-0.4555	-0.4929	-0.5026
6.89261E+00	-0.1554	-0.2664	-0.3430	-0.3939	-0.4256	-0.4539	-0.4614
8.11131E+00	-0.1519	-0.2545	-0.3205	-0.3605	-0.3827	-0.3984	-0.4020
9.54549E+00	-0.1470	-0.2379	-0.2891	-0.3140	-0.3230	-0.3220	-0.3193
1.12332E+01	-0.1404	-0.2153	-0.2466	-0.2511	-0.2425	-0.2192	-0.2076
1.32194E+01	-0.1313	-0.1845	-0.1884	-0.1651	-0.1325	-0.0783	-0.0566
1.55568E+01	-0.1188	-0.1421	-0.1083	-0.0478	0.0180	0.1163	0.1468
1.83074E+01	-0.1015	-0.0836	0.0019	0.1129	0.2236	0.3804	0.4227
2.15444E+01	-0.0774	-0.0022	0.1535	0.3345	0.5032	0.7299	0.8012
2.53537E+01	-0.0442	0.1098	0.3597	0.6354	0.8787	1.1884	1.3096
2.98365E+01	0.0017	0.2627	0.6409	1.0372	1.3801	1.8094	1.9595
3.51119E+01	0.0647	0.4684	1.0194	1.5638	2.0399	2.6501	2.7612
4.13201E+01	0.1518	0.7506	1.5255	2.2609	2.8906	3.7140	3.7602
4.86260E+01	0.2720	1.1411	2.1944	3.1887	3.9651	4.9687	5.0249
5.72237E+01	0.4366	1.6642	3.0608	4.3766	5.2815	6.3955	6.5648
6.73415E+01	0.6607	2.3306	4.1593	5.7990	6.8323	8.0013	8.2833
7.92483E+01	0.9626	3.1609	5.5172	7.4228	8.5952	9.7786	10.0795
9.32603E+01	1.3744	4.2318	7.1291	9.2062	10.4885	11.6346	11.8811
1.09750E+02	1.9319	5.6306	8.9765	11.1031	12.4125	13.4517	13.6246
1.29155E+02	2.6624	7.3417	10.9892	13.0472	14.2763	15.1352	15.2389
1.51991E+02	3.5857	9.2639	13.0540	14.9556	15.9964	16.6100	16.6472
1.78865E+02	4.7323	11.3085	15.0664	16.7443	17.5104	17.8378	17.8122
2.10490E+02	6.1562	13.4193	16.9426	18.3287	18.8009	18.8580	18.7826
2.47708E+02	7.8989	15.5362	18.6086	19.6378	19.8613	19.7175	19.6137
2.91505E+02	9.9070	17.5485	20.0329	20.6862	20.7161	20.4449	20.3340
3.43047E+02	12.0901	19.3296	21.2018	21.5208	21.4012	21.0622	20.9617
4.03702E+02	14.3443	20.8242	22.1285	22.1825	21.9536	21.5959	21.5181
4.75081E+02	16.5516	22.0489	22.8531	22.7059	22.4104	22.0772	22.0275
5.59081E+02	18.6053	23.0266	23.4146	23.1238	22.8047	22.5309	22.5081
6.57933E+02	20.4297	23.7890	23.8451	23.4640	23.1576	22.9638	22.9619
7.74264E+02	21.9624	24.3703	24.1760	23.7538	23.4882	23.3794	23.3882
9.11163E+02	23.2061	24.8105	24.4417	24.0209	23.8142	23.7742	23.7852
1.07227E+03	24.1942	25.1523	24.6770	24.2923	24.1523	24.1420	24.1509
1.26186E+03	24.9617	25.4238	24.8992	24.5765	24.5002	24.4832	24.4886
1.48497E+03	25.5455	25.6357	25.1042	24.8593	24.8328	24.8055	24.8078
1.74753E+03	25.9826	25.7990	25.2905	25.1286	25.1312	25.1142	25.1148
2.05651E+03	26.3096	25.9302	25.4703	25.3830	25.4011	25.4041	25.4038
2.42013E+03	26.5615	26.0459	25.6573	25.6238	25.6523	25.6683	25.6671
2.84804E+03	26.7569	26.1549	25.8529	25.8513	25.8862	25.9049	25.9026
3.35160E+03	26.9055	26.2618	26.0519	26.0657	26.1001	26.1144	26.1115
3.94421E+03	27.0164	26.3707	26.2491	26.2672	26.2908	26.2975	26.2953
4.64159E+03	27.0990	26.4861	26.4390	26.4558	26.4553	26.4550	26.4550
5.46228E+03	27.1620	26.6110	26.6169	26.6313	26.5924	26.5884	26.5926
6.42807E+03	27.2111	26.7428	26.7797	26.7914	26.7079	26.7032	26.7127
7.56463E+03	27.2514	26.8778	26.9250	26.9336	26.8093	26.8059	26.8204
8.90215E+03	27.2880	27.0120	27.0502	27.0550	26.9042	26.9029	26.9208
1.04762E+04	27.3258	27.1417	27.1528	27.1531	27.0001	27.0005	27.0192
1.23285E+04	27.3682	27.2630	27.2337	27.2292	27.1009	27.1020	27.1182
1.45083E+04	27.4154	27.3723	27.2994	27.2915	27.2036	27.2048	27.2164
1.70735E+04	27.4672	27.4661	27.3572	27.3489	27.3049	27.3056	27.3120
2.00923E+04	27.5236	27.5407	27.4141	27.4103	27.4012	27.4014	27.4030
2.36449E+04	27.5843	27.5930	27.4773	27.4842	27.4893	27.4891	27.4877
2.78256E+04	27.6490	27.6275	27.5487	27.5714	27.5696	27.5693	27.5667
3.27455E+04	27.7166	27.6555	27.6268	27.6661	27.6453	27.6450	27.6427
3.85353E+04	27.7864	27.6883	27.7096	27.7625	27.7198	27.7196	27.7184
4.53488E+04	27.8575	27.7371	27.7954	27.8548	27.7965	27.7965	27.7963
5.33670E+04	27.9287	27.8108	27.8820	27.9376	27.8777	27.8778	27.8783
6.28029E+04	27.9967	27.9018	27.9651	28.0086	27.9594	27.9595	27.9602
7.39072E+04	28.0575	27.9967	28.0395	28.0669	28.0351	28.0352	28.0357
8.69749E+04	28.1071	28.0818	28.1003	28.1114	28.0983	28.0984	28.0986
1.02353E+05	28.1415	28.1436	28.1424	28.1410	28.1426	28.1426	28.1426
1.20450E+05	28.1592	28.1745	28.1636	28.1563	28.1649	28.1649	28.1647
1.41747E+05	28.1650	28.1822	28.1698	28.1618	28.1713	28.1713	28.1711
1.66810E+05	28.1650	28.1770	28.1683	28.1627	28.1694	28.1693	28.1692
1.96304E+05	28.1651	28.1692	28.1662	28.1643	28.1666	28.1666	28.1665
2.31013E+05	28.1712	28.1689	28.1706	28.1716	28.1704	28.1704	28.1704
2.71859E+05	28.1857	28.1803	28.1842	28.1866	28.1837	28.1837	28.1838
3.19927E+05	28.2063	28.2009	28.2048	28.2073	28.2043	28.2043	28.2044
3.76494E+05	28.2309	28.2272	28.2299	28.2316	28.2296	28.2296	28.2296
4.43062E+05	28.2571	28.2563	28.2569	28.2573	28.2568	28.2568	28.2568
5.21401E+05	28.2826	28.2848	28.2832	28.2822	28.2834	28.2834	28.2834
6.13591E+05	28.3050	28.3097	28.3064	28.3042	28.3068	28.3067	28.3067
7.22081E+05	28.3221	28.3278	28.3237	28.3211	28.3242	28.3242	28.3241
8.49753E+05	28.3315	28.3359	28.3327	28.3306	28.3331	28.3331	28.3330
1.00000E+06	28.3308	28.3308	28.3308	28.3308	28.3308	28.3308	28.3308
1.17681E+06	28.3308	28.3308	28.3308	28.3308	28.3308	28.3308	28.3308
1.38489E+06	28.3308	28.3308	28.3308	28.3308	28.3308	28.3308	28.3308
1.62975E+06	28.3308	28.3308	28.3308	28.3308	28.3308	28.3308	28.3308
1.91791E+06	28.3308	28.3308	28.3308	28.3308	28.3308	28.3308	28.3308
2.25702E+06	28.3308	28.3308	28.3308	28.3308	28.3308	28.3308	28.3308
2.65609E+06	28.3308	28.3308	28.3308	28.3308	28.3308	28.3308	28.3308
3.12572E+06	28.3308	28.3308	28.3308	28.3308	28.3308	28.3308	28.3308
3.67838E+06	28.3308	28.3308	28.3308	28.3308	28.3308	28.3308	28.3308
4.32876E+06	28.3308	28.3308	28.3308	28.3308	28.3308	28.3308	28.3308
5.09414E+06	28.3308	28.3308	28.3308	28.3308	28.3308	28.3308	28.3308
5.99485E+06	28.3308	28.3308	28.3308	28.3308	28.3308	28.3308	28.3308
7.05481E+06	28.3308	28.3308	28.3308	28.3308	28.3308	28.3308	28.3308
8.30218E+06	28.3308	28.3308	28.3308	28.3308	28.3308	28.3308	28.3308
9.77011E+06	28.3308	28.3308	28.3308	28.3308	28.3308	28.3308	28.3308
1.14976E+07	28.3308	28.3308	28.3308	28.3308	28.3308	28.3308	28.3308
1.35305E+07	28.3308	28.3308	28.3308	28.3308	28.3308	28.3308	28.3308
1.59228E+07	28.3308	28.3308	28.3308	28.3308	28.3308	28.3308	28.3308
1.87382E+07	28.3308	28.3308	28.3308	28.3308	28.3308	28.3308	28.3308
2.20513E+07	28.3308	28.3308	28.3308	28.3308	28.3308	28.3308	28.3308
2.59503E+07	28.3308	28.3308	28.3308	28.3308	28.3308	28.3308	28.3308
3.05386E+07	28.3308	28.3308	28.3308	28.3308	28.3308	28.3308	28.3308
3.59382E+07	28.3308	28.3308	28.3308	28.3308	28.3308	28.3308	28.3308
4.22925E+07	28.3308	28.3308	28.3308	28.3308	28.3308	28.3308	28.3308
4.97703E+07	28.3308	28.3308	28.3308	28.3308	28.3308	28.3308	28.3308
5.85703E+07	28.3308	28.3308	28.3308	28.3308	28.3308	28.3308	28.3308

