3.85353E-03	8.36358E+06	4.60884E+06	3.40070E+06	2.83392E+06	2.52799E+06	2.26109E+06	2.19860E+06
4.53488E-03	7.10700E+06	3.91641E+06	2.88979E+06	2.40818E+06	2.14823E+06	1.92144E+06	1.86834E+06
5.33670E-03	6.03921E+06	3.32801E+06	2.45564E+06	2.04640E+06	1.82551E+06	1.63281E+06	1.58769E+06
6.28029E-03	5.13186E+06	2.82801E+06	2.08671E+06	1.73897E+06	1.55128E+06	1.38753E+06	1.34920E+06
7.39072E-03	4.36082E+06	2.40313E+06	1.77322E+06	1.47773E+06	1.31824E+06	1.17910E+06	1.14653E+06
8.69749E-03	3.70564E+06	2.04208E+06	1.50682E+06	1.25573E+06	1.12021E+06	1.00198E+06	9.74306E+05
1.02353E-02	3.14888E+06	1.73528E+06	1.28044E+06	1.06708E+06	9.51928E+05	8.51470E+05	8.27952E+05
1.20450E-02	2.67578E+06	1.47457E+06	1.08807E+06	9.06774E+05	8.08926E+05	7.23566E+05	7.03583E+05
1.41747E-02	2.27376E+06	1.25303E+06	9.24603E+05	7.70550E+05	6.87406E+05	6.14875E+05	5.97895E+05
1.66810E-02	1.93214E+06	1.06477E+06	7.85694E+05	6.54791E+05	5.84142E+05	5.22511E+05	5.08083E+05
1.96304E-02	1.64185E+06	9.04803E+05	6.67655E+05	5.56422E+05	4.96390E+05	4.44022E+05	4.31763E+05
2.31013E-02	1.39517E+06	7.68865E+05	5.67349E+05	4.72831E+05	4.21821E+05	3.77323E+05	3.66906E+05
2.71859E-02	1.18555E+06	6.53351E+05	4.82113E+05	4.01798E+05	3.58453E+05	3.20643E+05	3.11792E+05
3.19927E-02	1.00743E+06	5.55191E+05	4.09682E+05	3.41436E+05	3.04605E+05	2.72477E+05	2.64957E+05
3.76494E-02	8.56070E+05	4.71779E+05	3.48134E+05	2.90142E+05	2.58846E+05	2.31547E+05	2.25157E+05
4.43062E-02	7.27450E+05	4.00899E+05	2.95831E+05	2.46554E+05	2.19962E+05	1.96765E+05	1.91335E+05
5.21401E-02	6.18155E+05	3.40668E+05	2.51387E+05	2.09515E+05	1.86918E+05	1.67208E+05	1.62594E+05
6.13591E-02	5.25281E+05	2.89486E+05	2.13620E+05	1.78039E+05	1.58839E+05	1.42091E+05	1.38170E+05
7.22081E-02	4.46360E+05	2.45994E+05	1.81526E+05	1.51293E+05	1.34978E+05	1.20746E+05	1.17415E+05
8.49753E-02	3.79297E+05	2.09036E+05	1.54255E+05	1.28564E+05	1.14701E+05	1.02608E+05	9.97780E+04
1.00000E-01	3.22310E+05	1.77630E+05	1.31080E+05	1.09250E+05	9.74700E+04	8.71950E+04	8.47900E+04
1.17681E-01	2.73880E+05	1.50943E+05	1.11386E+05	9.28358E+04	8.28255E+04	7.40952E+04	7.20505E+04
1.38489E-01	2.32729E+05	1.28265E+05	9.46502E+04	7.88877E+04	7.03813E+04	6.29630E+04	6.12251E+04
1.62975E-01	1.97761E+05	1.08994E+05	8.04294E+04	6.70353E+04	5.98069E+04	5.35031E+04	5.20262E+04
1.91791E-01	1.68049E+05	9.26181E+04	6.83452E+04	5.69636E+04	5.08213E+04	4.54644E+04	4.42095E+04
2.25702E-01	1.42801E+05	7.87025E+04	5.80767E+04	4.84052E+04	4.31857E+04	3.86334E+04	3.75672E+04
2.65609E-01	1.21346E+05	6.68777E+04	4.93510E+04	4.11326E+04	3.66974E+04	3.28288E+04	3.19230E+04
3.12572E-01	1.03115E+05	5.68295E+04	4.19363E+04	3.49527E+04	3.11839E+04	2.78963E+04	2.71268E+04
3.67838E-01	8.76229E+04	4.82911E+04	3.56357E+04	2.97013E+04	2.64988E+04	2.37050E+04	2.30513E+04
4.32876E-01	7.44582E+04	4.10356E+04	3.02818E+04	2.52390E+04	2.25176E+04	2.01435E+04	1.95881E+04
5.09414E-01	6.32711E+04	3.48703E+04	2.57323E+04	2.14470E+04	1.91345E+04	1.71172E+04	1.66453E+04
5.99484E-01	5.37648E+04	2.96313E+04	2.18663E+04	1.82248E+04	1.62597E+04	1.45457E+04	1.41446E+04
7.05480E-01	4.56867E+04	2.51795E+04	1.85812E+04	1.54868E+04	1.38169E+04	1.23606E+04	1.20197E+04
8.30218E-01	3.88223E+04	2.13966E+04	1.57896E+04	1.31601E+04	1.17411E+04	1.05038E+04	1.02141E+04
9.77010E-01	3.29894E+04	1.81820E+04	1.34174E+04	1.11831E+04	9.97734E+03	8.92596E+03	8.67979E+03
1.14976E+00	2.80330E+04	1.54503E+04	1.14017E+04	9.50308E+03	8.47859E+03	7.58522E+03	7.37606E+03
1.35305E+00	2.38213E+04	1.31291E+04	9.68879E+03	8.07557E+03	7.20510E+03	6.44598E+03	6.26829E+03
1.59228E+00	2.02425E+04	1.11567E+04	8.23331E+03	6.86260E+03	6.12303E+03	5.47802E+03	5.32707E+03
1.87382E+00	1.72013E+04	9.48064E+03	6.99659E+03	5.83197E+03	5.20363E+03	4.65563E+03	4.52739E+03
2.20513E+00	1.46171E+04	8.05647E+03	5.94575E+03	4.95626E+03	4.42244E+03	3.95692E+03	3.84799E+03
2.59502E+00	1.24211E+04	6.84633E+03	5.05289E+03	4.21222E+03	3.75871E+03	3.36333E+03	3.27080E+03
3.05386E+00	1.05550E+04	5.81808E+03	4.29428E+03	3.58008E+03	3.19484E+03	2.85909E+03	2.78051E+03
3.59381E+00	8.96939E+03	4.94439E+03	3.64976E+03	3.04306E+03	2.71584E+03	2.43079E+03	2.36408E+03
4.22924E+00	7.62204E+03	4.20205E+03	3.10218E+03	2.58686E+03	2.30896E+03	2.06701E+03	2.01042E+03
4.97702E+00	6.47717E+03	3.57131E+03	2.63697E+03	2.19932E+03	1.96337E+03	1.75804E+03	1.71006E+03
5.85702E+00	5.50438E+03	3.03544E+03	2.24181E+03	1.87020E+03	1.66993E+03	1.49575E+03	1.45512E+03
6.89261E+00	4.67783E+03	2.58024E+03	1.90625E+03	1.59084E+03	1.42094E+03	1.27331E+03	1.23894E+03
8.11131E+00	3.97555E+03	2.19362E+03	1.62139E+03	1.35379E+03	1.20979E+03	1.08481E+03	1.05578E+03
9.54548E+00	3.37887E+03	1.86527E+03	1.37960E+03	1.15272E+03	1.03079E+03	9.25185E+02	9.00696E+02
1.12332E+01	2.87192E+03	1.58644E+03	1.17442E+03	9.82209E+02	8.79114E+02	7.90068E+02	7.69451E+02
1.32194E+01	2.44125E+03	1.34975E+03	1.00041E+03	8.37770E+02	7.50761E+02	6.75889E+02	6.58624E+02
1.55568E+01	2.07546E+03	1.14895E+03	8.52988E+02	7.15593E+02	6.42344E+02	5.79603E+02	5.65302E+02
1.83074E+01	1.76483E+03	9.78675E+02	7.28231E+02	6.12434E+02	5.50995E+02	4.98720E+02	4.87000E+02
2.15443E+01	1.50110E+03	8.34400E+02	6.22830E+02	5.25550E+02	4.74310E+02	4.31230E+02	4.21630E+02
2.53536E+01	1.27724E+03	7.12259E+02	5.33950E+02	4.52595E+02	4.10205E+02	3.75264E+02	3.67408E+02
2.98365E+01	1.08730E+03	6.09063E+02	4.59285E+02	3.91721E+02	3.57017E+02	3.29079E+02	3.23029E+02
3.51119E+01	9.26226E+02	5.22051E+02	3.96816E+02	3.41289E+02	3.13283E+02	2.91219E+02	2.87327E+02
4.13201E+01	7.89751E+02	4.48911E+02	3.44901E+02	2.99902E+02	2.77897E+02	2.61065E+02	2.59253E+02
4.86260E+01	6.74248E+02	3.87655E+02	3.02141E+02	2.66366E+02	2.49976E+02	2.38366E+02	2.37937E+02
5.72237E+01	5.76661E+02	3.36682E+02	2.67396E+02	2.39751E+02	2.28700E+02	2.22453E+02	2.22737E+02
6.73415E+01	4.94445E+02	2.94777E+02	2.39834E+02	2.19452E+02	2.13371E+02	2.12225E+02	2.13280E+02
7.92483E+01	4.25373E+02	2.60795E+02	2.18703E+02	2.05084E+02	2.03557E+02	2.07005E+02	2.09380E+02
9.32603E+01	3.67569E+02	2.33669E+02	2.03305E+02	1.96829E+02	1.99220E+02	2.06821E+02	2.10650E+02
1.09750E+02	3.19410E+02	2.12515E+02	1.93156E+02	1.95154E+02	2.00645E+02	2.12096E+02	2.16880E+02
1.29155E+02	2.79802E+02	1.97032E+02	1.88169E+02	1.99166E+02	2.07447E+02	2.22542E+02	2.27671E+02
1.51991E+02	2.47930E+02	1.87341E+02	1.88682E+02	2.06830E+02	2.18628E+02	2.37115E+02	2.42331E+02
1.78865E+02	2.22851E+02	1.83285E+02	1.94833E+02	2.17139E+02	2.33652E+02	2.55053E+02	2.60305E+02
2.10490E+02	2.03499E+02	1.84076E+02	2.05794E+02	2.31528E+02	2.52984E+02	2.76425E+02	2.81418E+02
2.47708E+02	1.89143E+02	1.89221E+02	2.20839E+02	2.51903E+02	2.77263E+02	3.01329E+02	3.05433E+02
2.91505E+02	1.79872E+02	1.98712E+02	2.40354E+02	2.78455E+02	3.06348E+02	3.29187E+02	3.31786E+02
3.43047E+02	1.76113E+02	2.12871E+02	2.65352E+02	3.10356E+02	3.39480E+02	3.58870E+02	3.59601E+02
4.03702E+02	1.77608E+02	2.32146E+02	2.96530E+02	3.46969E+02	3.75774E+02	3.89527E+02	3.88385E+02
4.75081E+02	1.83507E+02	2.57071E+02	3.33953E+02	3.88004E+02	4.14266E+02	4.20842E+02	4.18276E+02
5.59081E+02	1.93410E+02	2.88286E+02	3.77511E+02	4.32854E+02	4.53837E+02	4.52755E+02	4.49597E+02
6.57933E+02	2.07749E+02	3.26421E+02	4.27149E+02	4.80475E+02	4.93813E+02	4.86028E+02	4.83028E+02
7.74264E+02	2.27281E+02	3.72051E+02	4.82472E+02	5.29371E+02	5.33613E+02	5.21706E+02	5.19397E+02
9.11163E+02	2.52663E+02	4.25623E+02	5.42304E+02	5.78155E+02	5.73276E+02	5.60202E+02	5.59016E+02
1.07227E+03	2.84521E+02	4.87303E+02	6.04578E+02	6.25491E+02	6.13338E+02	6.01565E+02	6.01873E+02
1.26186E+03	3.23656E+02	5.57099E+02	6.67388E+02	6.71293E+02	6.55109E+02	6.46351E+02	6.48179E+02
1.48497E+03	3.71063E+02	6.34950E+02	7.29727E+02	7.17556E+02	7.00985E+02	6.95948E+02	6.98525E+02
1.74753E+03	4.27807E+02	7.20134E+02	7.90955E+02	7.66728E+02	7.53252E+02	7.51603E+02	7.53514E+02
2.05651E+03	4.95050E+02	8.10378E+02	8.51579E+02	8.20667E+02	8.11962E+02	8.12934E+02	8.13376E+02
2.42013E+03	5.73926E+02	9.02254E+02	9.12749E+02	8.81288E+02	8.76513E+02	8.78994E+02	8.78246E+02
2.84804E+03	6.65649E+02	9.93848E+02	9.75965E+02	9.49453E+02	9.46982E+02	9.49814E+02	9.48570E+02
3.35160E+03	7.71427E+02	1.08476E+03	1.04313E+03	1.02521E+03	1.02396E+03	1.02622E+03	1.02507E+03
3.94421E+03	8.92244E+02	1.17504E+03	1.11668E+03	1.10844E+03	1.10812E+03	1.10923E+03	1.10858E+03
4.64159E+03	1.02870E+03	1.26520E+03	1.19970E+03	1.19880E+03	1.20020E+03	1.20010E+03	1.20010E+03
5.46228E+03	1.18072E+03	1.35629E+03	1.29529E+03	1.29597E+03	1.30094E+03	1.30010E+03	1.30062E+03
6.42807E+03	1.34687E+03	1.45018E+03	1.40396E+03	1.40074E+03	1.41081E+03	1.40977E+03	1.41061E+03
7.56463E+03	1.52423E+03	1.54943E+03	1.52516E+03	1.51442E+03	1.53014E+03	1.52933E+03	1.53030E+03
8.90215E+03	1.70824E+03	1.65735E+03	1.65777E+03	1.63857E+03	1.65915E+03	1.65881E+03	1.65978E+03
1.04762E+04	1.89258E+03	1.77807E+03	1.79998E+03	1.77509E+03	1.79796E+03	1.79807E+03	1.79894E+03
1.23285E+04	2.07204E+03	1.91510E+03	1.95072E+03	1.92571E+03	1.94707E+03	1.94742E+03	1.94811E+03
1.45083E+04	2.24635E+03	2.06951E+03	2.11162E+03	2.09140E+03	2.10800E+03	2.10839E+03	2.10888E+03
1.70735E+04	2.41712E+03	2.24203E+03	2.28513E+03	2.27295E+03	2.28275E+03	2.28302E+03	2.28329E+03
2.00923E+04	2.58740E+03	2.43314E+03	2.47431E+03	2.47107E+03	2.47370E+03	2.47378E+03	2.47385E+03
2.36449E+04	2.76169E+03	2.64310E+03	2.68287E+03	2.68635E+03	2.68369E+03	2.68361E+03	2.68354E+03
2.78256E+04	2.94553E+03	2.87274E+03	2.91321E+03	2.91964E+03	2.91464E+03	2.91449E+03	2.91436E+03
3.27455E+04	3.14561E+03	3.12358E+03	3.16596E+03	3.17213E+03	3.16731E+03	3.16717E+03	3.16704E+03
3.85353E+04	3.37035E+03	3.39719E+03	3.44138E+03	3.44506E+03	3.44219E+03	3.44210E+03	3.44202E+03
4.53488E+04	3.63034E+03	3.69523E+03	3.73925E+03	3.73967E+03	3.73934E+03	3.73933E+03	3.73933E+03
5.33670E+04	3.93713E+03	4.01925E+03	4.05905E+03	4.05722E+03	4.05865E+03	4.05869E+03	4.05873E+03
6.28029E+04	4.29237E+03	4.37007E+03	4.40159E+03	4.39897E+03	4.40102E+03	4.40108E+03	4.40113E+03
7.39072E+04	4.69157E+03	4.74791E+03	4.76841E+03	4.76619E+03	4.76792E+03	4.76798E+03	4.76802E+03
8.69749E+04	5.12694E+03	5.15248E+03	5.16119E+03	5.16011E+03	5.16095E+03	5.16098E+03	5.16100E+03
1.02353E+05	5.58644E+03	5.58293E+03	5.58176E+03	5.58191E+03	5.58179E+03	5.58179E+03	5.58178E+03
1.20450E+05	6.05940E+03	6.03932E+03	6.03264E+03	6.03350E+03	6.03283E+03	6.03281E+03	6.03279E+03
1.41747E+05	6.55004E+03	6.52611E+03	6.51815E+03	6.51918E+03	6.51838E+03	6.51835E+03	6.51833E+03
1.66810E+05	7.06767E+03	7.04970E+03	7.04373E+03	7.04450E+03	7.04390E+03	7.04388E+03	7.04386E+03
1.96304E+05	7.62473E+03	7.61813E+03	7.61593E+03	7.61621E+03	7.61599E+03	7.61598E+03	7.61598E+03
2.31013E+05	8.23714E+03	8.24120E+03	8.24256E+03	8.24238E+03	8.24252E+03	8.24252E+03	8.24253E+03
2.71859E+05	8.91709E+03	8.92708E+03	8.93041E+03	8.92997E+03	8.93031E+03	8.93032E+03	8.93033E+03
3.19927E+05	9.66895E+03	9.68015E+03	9.68389E+03	9.68341E+03	9.68379E+03	9.68380E+03	9.68381E+03
3.76494E+05	1.04962E+04	1.05045E+04	1.05072E+04	1.05069E+04	1.05072E+04	1.05072E+04	1.05072E+04
4.43062E+05	1.14016E+04	1.14038E+04	1.14045E+04	1.14044E+04	1.14045E+04	1.14045E+04	1.14045E+04
5.21401E+05	1.23872E+04	1.23815E+04	1.23796E+04	1.23798E+04	1.23796E+04	1.23796E+04	1.23796E+04
6.13591E+05	1.34535E+04	1.34402E+04	1.34358E+04	1.34364E+04	1.34359E+04	1.34359E+04	1.34359E+04
7.22081E+05	1.45996E+04	1.45820E+04	1.45762E+04	1.45770E+04	1.45764E+04	1.45763E+04	1.45763E+04
8.49753E+05	1.58225E+04	1.58078E+04	1.58028E+04	1.58035E+04	1.58030E+04	1.58030E+04	1.58030E+04
1.00000E+06	1.71170E+04	1.71170E+04	1.71170E+04	1.71170E+04	1.71170E+04	1.71170E+04	1.71170E+04
1.17681E+06	1.85587E+04	1.85587E+04	1.85587E+04	1.85587E+04	1.85587E+04	1.85587E+04	1.85587E+04
1.38489E+06	2.01219E+04	2.01219E+04	2.01219E+04	2.01219E+04	2.01219E+04	2.01219E+04	2.01219E+04
1.62975E+06	2.18168E+04	2.18168E+04	2.18168E+04	2.18168E+04	2.18168E+04	2.18168E+04	2.18168E+04
1.91791E+06	2.36544E+04	2.36544E+04	2.36544E+04	2.36544E+04	2.36544E+04	2.36544E+04	2.36544E+04
2.25702E+06	2.56468E+04	2.56468E+04	2.56468E+04	2.56468E+04	2.56468E+04	2.56468E+04	2.56468E+04
2.65609E+06	2.78070E+04	2.78070E+04	2.78070E+04	2.78070E+04	2.78070E+04	2.78070E+04	2.78070E+04
3.12572E+06	3.01491E+04	3.01491E+04	3.01491E+04	3.01491E+04	3.01491E+04	3.01491E+04	3.01491E+04
3.67838E+06	3.26886E+04	3.26886E+04	3.26886E+04	3.26886E+04	3.26886E+04	3.26886E+04	3.26886E+04
4.32876E+06	3.54419E+04	3.54419E+04	3.54419E+04	3.54419E+04	3.54419E+04	3.54419E+04	3.54419E+04
5.09414E+06	3.84271E+04	3.84271E+04	3.84271E+04	3.84271E+04	3.84271E+04	3.84271E+04	3.84271E+04
5.99485E+06	4.16638E+04	4.16638E+04	4.16638E+04	4.16638E+04	4.16638E+04	4.16638E+04	4.16638E+04
7.05481E+06	4.51731E+04	4.51731E+04	4.51731E+04	4.51731E+04	4.51731E+04	4.51731E+04	4.51731E+04
8.30218E+06	4.89780E+04	4.89780E+04	4.89780E+04	4.89780E+04	4.89780E+04	4.89780E+04	4.89780E+04
9.77011E+06	5.31034E+04	5.31034E+04	5.31034E+04	5.31034E+04	5.31034E+04	5.31034E+04	5.31034E+04
1.14976E+07	5.75762E+04	5.75762E+04	5.75762E+04	5.75762E+04	5.75762E+04	5.75762E+04	5.75762E+04
1.35305E+07	6.24258E+04	6.24258E+04	6.24258E+04	6.24258E+04	6.24258E+04	6.24258E+04	6.24258E+04
1.59228E+07	6.76839E+04	6.76839E+04	6.76839E+04	6.76839E+04	6.76839E+04	6.76839E+04	6.76839E+04
1.87382E+07	7.33849E+04	7.33849E+04	7.33849E+04	7.33849E+04	7.33849E+04	7.33849E+04	7.33849E+04
2.20513E+07	7.95660E+04	7.95660E+04	7.95660E+04	7.95660E+04	7.95660E+04	7.95660E+04	7.95660E+04
2.59503E+07	8.62678E+04	8.62678E+04	8.62678E+04	8.62678E+04	8.62678E+04	8.62678E+04	8.62678E+04
3.05386E+07	9.35340E+04	9.35340E+04	9.35340E+04	9.35340E+04	9.35340E+04	9.35340E+04	9.35340E+04
3.59382E+07	1.01412E+05	1.01412E+05	1.01412E+05	1.01412E+05	1.01412E+05	1.01412E+05	1.01412E+05
4.22925E+07	1.09954E+05	1.09954E+05	1.09954E+05	1.09954E+05	1.09954E+05	1.09954E+05	1.09954E+05
4.97703E+07	1.19216E+05	1.19216E+05	1.19216E+05	1.19216E+05	1.19216E+05	1.19216E+05	1.19216E+05
5.85703E+07	1.29257E+05	1.29257E+05	1.29257E+05	1.29257E+05	1.29257E+05	1.29257E+05	1.29257E+05
