-5.000000	-0.0019	5.451126
-4.666667	-0.0019	5.117801
-4.333333	-0.0018	4.784453
-4.000000	-0.0016	4.451126
-3.666667	-0.0008	4.117801
-3.333333	0.0031	3.784532
-3.000000	0.0210	3.451479
-2.833333	0.0475	3.285242
-2.666667	0.1042	3.119487
-2.500000	0.2258	2.954763
-2.333333	0.4844	2.792266
-2.166667	1.0269	2.634457
-2.000000	2.2180	2.485991
-1.833333	4.2485	2.357096
-1.666667	7.9560	2.261120
-1.500000	12.9652	2.218168
-1.333333	18.4980	2.236915
-1.166667	22.9662	2.318835
-1.000000	25.8664	2.432119
-0.833333	27.4715	2.571010
-0.666667	28.2843	2.724030
-0.500000	28.7675	2.879600
-0.333333	28.8275	3.049683
-0.166667	28.8778	3.215373
0.000000	28.9190	3.381368
0.166667	29.0624	3.552717
0.333333	29.1555	3.710227
0.500000	29.1450	3.878970
0.666667	29.1402	4.050844
0.833333	29.1412	4.217115
1.000000	29.1417	4.382989
1.166667	29.1420	4.547959
1.333333	29.1422	4.709201
1.500000	29.1423	4.866131
1.666667	29.1425	5.015108
1.833333	29.1428	5.151615