2	4.67837	4.64278	4.5803	4.48795	4.43629	4.42404	4.45195
4	4.68288	4.65138	4.59556	4.51117	4.46125	4.44484	4.46254
7	4.68969	4.66404	4.61738	4.54242	4.49182	4.46551	4.46392
11	4.69861	4.68038	4.64441	4.57721	4.51956	4.47352	4.44016
16	4.70954	4.69987	4.67483	4.60953	4.53362	4.45399	4.37461
22	4.72228	4.7219	4.70633	4.63213	4.52225	4.39343	4.25619
30	4.73869	4.74891	4.73979	4.63635	4.46619	4.26613	4.05812
40	4.75821	4.77885	4.7681	4.60493	4.34755	4.06412	3.78767
54	4.78366	4.81362	4.7838	4.50801	4.1302	3.75702	3.42229
70	4.81006	4.84324	4.77104	4.34876	3.85788	3.42185	3.05784
100	4.85175	4.871	4.67794	3.99618	3.37663	2.89734	2.52956










