2	9.2414	9.1789	9.0727	8.9143	8.8316	8.8195	8.8817
4	9.2691	9.2294	9.1660	9.0695	9.0204	9.0206	9.0717
7	9.3094	9.3080	9.3017	9.2851	9.2712	9.2679	9.2788
11	9.3622	9.4080	9.4722	9.5372	9.5381	9.4926	9.4098
16	9.4272	9.5257	9.6693	9.7951	9.7595	9.6062	9.3634
22	9.5041	9.6600	9.8801	10.0170	9.8663	9.5280	9.0751
30	9.6022	9.8294	10.1166	10.1696	9.7781	9.1643	8.4693
40	9.7206	10.0218	10.3403	10.1573	9.4085	8.4973	7.6098
54	9.8767	10.2542	10.5229	9.8599	8.6564	7.4900	6.5029
70	10.0417	10.4652	10.5644	9.2931	7.7385	6.4667	5.4911
100	10.3117	10.7120	10.2824	8.0668	6.2682	5.0418	4.1874

